1208 MACSJ0416-Y1 04 16 9.4230 -24 05 35.50
1215 HIMIKO 02 17 57.5730 -05 08 44.70
1216 23170-GS-2.97-S 03 32 37.7904 -27 42 32.78
1216 18660-GS-3.07-S 03 32 54.8800 -27 45 10.80
1216 20936-GS-3.25-S 03 32 28.2950 -27 44 3.78
1216 19293-GS-3.11-S 03 32 12.9429 -27 44 51.76
1216 5001-GS-3.47-S 03 32 23.3390 -27 51 57.16
1216 4891-GS-3.70-S 03 32 18.2910 -27 51 59.17
1216 3073-GS-5.56-S 03 32 18.9253 -27 53 2.96
1216 10578-GS-3.06-S 03 32 39.6734 -27 48 50.88
1216 133-GS-3.47-A 03 32 4.9495 -27 44 32.01
1216 551-GS-3.70-A 03 32 29.8430 -27 51 5.88
1216 774-GS-3.61-A 03 32 41.8564 -27 52 2.65
1216 811-GS-3.471-A 03 32 44.3183 -27 52 51.49
1216 539-GS-4.76-A 03 32 29.2988 -27 56 19.61
1217 HZ10-COS-5.66-S 10 00 59.3100 +01 33 19.22 
1217 12306-COS-6.20-S 10 00 30.5902 +02 19 35.13
1217 CR7-COS-6.60-L 10 00 58.0050 +01 48 15.25 
1217 COS30-COS-6.80-S 10 00 30.1850 +02 15 59.81
1217 B14-65666-COS-7.15 10 01 40.6900 +01 54 52.55
1217 COS-ZS7-1-COS-7.15 10 00 23.7600 +02 20 37.00
1217 JEKILL+HIDE-COS-3.717-D 10 00 14.7504 +02 22 43.26
1217 1118-COS-3.65-A 09 59 31.0060 +02 13 33.02 
1217 1656-COS-3.51-A 10 01 5.1800 +01 36 49.86 
1217 2949-COS-3.57-A 10 01 36.7000 +01 52 44.02
1217 349-COS-3.49-A 10 00 1.0505 +02 02 20.03 
1217 1638-COS-3.49-A 10 02 56.5300 +02 11 58.41
1217 590-COS-3.53-A 09 59 1.2990 +02 44 18.72 
1217 HZ4-COS-5.54-S 09 58 28.5204 +02 03 6.74 
1218 J0100+2802 01 00 13.0200 +28 02 55.80
1219 ULASJ1342+0928 13 42 8.0970 +09 28 38.28
1220 BR1202-F4.69 12 05 23.0471 -07 42 31.65 
1220 LBQS0302-0019+JIL 03 04 49.9390 -00 08 13.10
1222 VDESJ0020-3653 00 20 31.4720 -36 53 41.82
1222 DELSJ0411-0907 04 11 28.6300 -09 07 49.80
1222 UHSJ0439+1634 04 39 47.0800 +16 34 15.70 
1262 EGSY8P7-NIRSPEC 14 20 8.5000 +52 53 26.60
1262 MACS1149-JD1-NIRSPEC 11 49 33.5800 +22 24 45.70
1263 NIRSPEC-J1120+0641 11 20 1.4630 +06 41 23.79
1264 GN20-NIRSPEC 12 37 11.8999 +62 22 12.10
1264 HFLS3-NIRSPEC 17 06 47.8000 +58 46 23.51
1264 SPT0311-58-NIRSPEC 03 11 33.2600 -58 23 33.50