GS_23170 03 32 37.7904 -27 42 32.78 2.97520
GS_18660 03 32 54.8800 -27 45 10.80 3.07180
GS_20936 03 32 28.2950 -27 44 3.78 3.2600
GS_19293 03 32 12.9429 -27 44 51.76 3.11050
GS_05001 03 32 23.3390 -27 51 57.16 3.4700
GS_04891 03 32 18.2910 -27 51 59.17 3.70270
GS_03073 03 32 18.9253 -27 53 2.96 5.56300
GS_10578 03 32 39.6734 -27 48 50.88 3.06400
GS_00133 03 32 4.9495 -27 44 32.01 3.474
GS_00551 03 32 29.8430 -27 51 5.88 3.700
GS_00774 03 32 41.8564 -27 52 2.65 3.610
GS_00811 03 32 44.3183 -27 52 51.49 3.471
GS_00539 03 32 29.2988 -27 56 19.61 4.762
COS_HZ4 09 58 28.5204 +02 03 6.74 5.540
COS_HZ10 10 00 59.3100 +01 33 19.22 5.659
COS_CR7 10 00 58.005 +01 48 15.25 6.60
COS_COS30 10 00 30.1850 +02 15 59.81 6.8540
COS_B14 10 01 40.6900 +01 54 52.55 7.1521
COS_ZS7-1 10 00 23.7600 +02 20 37.00 7.15
COS_JEKYLL+HYDE 10 00 14.7504 +02 22 43.26 3.70
COS_01118 09 59 31.0060 +02 13 33.02 3.65
COS_01656 10 01 5.1800 +01 36 49.86 3.51
COS_02949 10 01 36.7000 +01 52 44.02 3.57
COS_00349 10 00 1.0505 +02 02 20.03 3.49
COS_01638 10 02 56.5300 +02 11 58.41 3.49
COS_00590 09 59 1.2990 +02 44 18.72 3.53
COS_12306 10 00 30.5902 +02 19 35.13 6.20
MACS1149-JD1 11 49 33.5800 +22 24 45.70 9.1096
EGSY8P7 14 20 8.5000 +52 53 26.60 8.683
BR1202 12 05 23.0471 -07 42 31.65 4.69
LBQS0302-0019+JIL 03 04 49.9390 -00 08 13.10 3.286
J0100+2802 01 00 13.0200 +28 02 25.80 6.327
J1120+0641 11 20 1.4630 +06 41 23.79 7.085
ULASJ1342+0928 13 42 8.0970 +09 28 38.28 7.540
VDESJ0020-3653 00 20 31.4720 -36 53 41.82 6.86
DELSJ0411-0907 04 11 28.6300 -09 07 49.80 6.81
UHSJ0439+1634 04 39 47.0800 +16 34 15.70 6.51
MACSJ0416-Y1 04 16 9.4230 -24 05 35.50 8.3118
GN_00020 12 37 11.8999 +62 22 12.10 4.05
HFLS3 17 06 47.8000 +58 46 23.51 6.30
SPT0311-58 03 11 33.2600 -58 23 33.50 6.90
HIMIKO 02 17 57.5730 -05 08 44.70 6.595